[rainfall.jpg]
filters=Invert=1;TwoTone=1,0.000000,20.000000,0.000000,ff63adc0,ffdbfcff;
moddate=4388f7602b0fce01
width=771
height=772
textactive=0
